c diag_start
c 1 12 23 34 45 56 67 78 89 100 102 113 121 135 146 158 170 174 207 214 228 231 250 259 262 275
c 1 12 23 34 45 56 67 78 89 100 104 116 128 137 142 160 165 179 206 217 225 240 241 258 269 274
c 1 12 23 34 45 56 67 78 89 100 102 113 121 135 146 158 170 179 205 219 222 236 250 257 263 271
c 1 12 23 34 45 56 67 78 89 100 107 119 124 132 148 160 166 175 203 214 230 231 249 258 265 272
c 1 12 23 34 45 56 67 78 89 100 102 113 121 135 146 159 170 174 208 217 226 240 243 255 269 272
c 1 12 23 34 45 56 67 78 89 100 104 119 126 131 150 158 162 177 210 214 228 237 242 253 261 275
c 1 12 23 34 45 56 67 78 89 100 102 113 121 135 146 160 168 174 203 220 227 236 241 252 269 275
c 1 12 23 34 45 56 67 78 89 100 104 117 128 139 150 151 166 172 210 215 229 233 246 257 262 274
c 1 12 23 34 45 56 67 78 89 100 102 113 121 135 146 160 169 174 207 211 226 240 243 254 262 275
c 1 12 23 34 45 56 67 78 89 100 106 118 130 132 147 153 161 175 209 217 224 238 250 251 265 273
c 1 12 23 34 45 56 67 78 89 100 102 113 121 135 147 154 166 180 203 214 229 240 242 257 268 275
c diag_end
p cnf 2000 434440
