Decomposition sets found by PDSAT (numeration from '1')

bivium_test_last16known.cnf
31 variables:
11 12 24 26 27 42 52 53 54 69 78 82 107 111 120 122 123 132 133 135 136 137 138 145 146 148 149 150 151 152 159
---
bivium_test_last14known.cnf
35 variables:
12 27 39 42 50 52 53 54 66 69 77 79 82 93 108 111 120 122 123 132 133 134 135 136 137 138 144 145 147 148 149 151 159 161 163
---
bivium_test_last12known.cnf
37 variables:
5 8 9 21 23 24 32 35 36 39 47 62 65 74 75 89 90 93 101 104 105 116 117 120 128 134 135 141 144 146 147 155 156 157 159 161 162
---
grain_test_44known.cnf
29 variables:
7 14 81 82 83 84 85 86 87 93 94 95 96 97 98 99 100 103 104 105 106 107 108 109 110 111 112 113 116
---
grain_test_42known.cnf
29 variables:
81 83 84 85 86 87 88 89 91 94 96 97 98 99 100 101 102 104 106 107 108 109 110 111 112 113 114 115 117
---
grain_test_40known.cnf
32 variables:
81 82 83 84 85 87 89 91 92 94 95 96 97 98 100 102 104 105 106 107 108 109 110 111 112 113 114 115 117 118 119 120