a5_1_114_0
var_set 2 3 4 5 6 7 8 9 20 21 22 23 24 25 26 27 28 29 30 39 40 42 43 44 45 46 47 48 49 50 51 52
7703 0
7704 0
-7705 0
-7706 0
-7707 0
-7708 0
-7709 0
-7710 0
-7711 0
7712 0
7713 0
7714 0
-7715 0
-7716 0
7717 0
7718 0
-7719 0
-7720 0
-7721 0
7722 0
7723 0
7724 0
7725 0
-7726 0
-7727 0
7728 0
7729 0
7730 0
7731 0
-7732 0
-7733 0
-7734 0
7735 0
-7736 0
7737 0
-7738 0
-7739 0
7740 0
7741 0
-7742 0
7743 0
7744 0
-7745 0
-7746 0
7747 0
-7748 0
-7749 0
-7750 0
7751 0
-7752 0
-7753 0
7754 0
-7755 0
7756 0
7757 0
-7758 0
-7759 0
-7760 0
7761 0
7762 0
-7763 0
7764 0
-7765 0
7766 0
7767 0
7768 0
-7769 0
7770 0
7771 0
7772 0
7773 0
-7774 0
-7775 0
-7776 0
-7777 0
7778 0
7779 0
7780 0
7781 0
7782 0
7783 0
7784 0
-7785 0
-7786 0
7787 0
7788 0
7789 0
-7790 0
-7791 0
7792 0
-7793 0
-7794 0
7795 0
7796 0
-7797 0
7798 0
-7799 0
-7800 0
7801 0
-7802 0
7803 0
-7804 0
7805 0
-7806 0
-7807 0
7808 0
-7809 0
7810 0
-7811 0
7812 0
7813 0
-7814 0
-7815 0
-7816 0
before_range