Псевдотройки


Ссылка на мою тему «Алгоритм поиска псевдотроек»
http://sat.isa.ru/pdsat/forum_thread.php?id=542

Там выложены такие три псевдотройки

#1

ЛК №1

9 5 8 3 2 7 0 6 4 1
5 9 6 0 4 3 8 1 7 2
8 6 9 7 1 5 4 0 2 3
3 0 7 9 8 2 6 5 1 4
2 4 1 8 9 0 3 7 6 5
7 3 5 2 0 9 1 4 8 6
0 8 4 6 3 1 9 2 5 7
6 1 0 5 7 4 2 9 3 8
4 7 2 1 6 8 5 3 9 0
1 2 3 4 5 6 7 8 0 9

ЛК №2

5 8 3 2 7 0 6 4 9 1
9 6 0 4 3 8 1 7 5 2
6 9 7 1 5 4 0 2 8 3
0 7 9 8 2 6 5 1 3 4
4 1 8 9 0 3 7 6 2 5
3 5 2 0 9 1 4 8 7 6
8 4 6 3 1 9 2 5 0 7
1 0 5 7 4 2 9 3 6 8
7 2 1 6 8 5 3 9 4 0
2 3 4 5 6 7 8 0 1 9

ЛК №3

3 9 4 7 2 1 6 8 5 0
6 4 9 5 8 3 2 7 0 1
1 7 5 9 6 0 4 3 8 2
0 2 8 6 9 7 1 5 4 3
5 1 3 0 7 9 8 2 6 4
7 6 2 4 1 8 9 0 3 5
4 8 7 3 5 2 0 9 1 6
2 5 0 8 4 6 3 1 9 7
9 3 6 1 0 5 7 4 2 8
8 0 1 2 3 4 5 6 7 9

Изоморфная псевдотройка с преобразованными (к 0) строками КРМ

№1

9  4  7  2  1  6  8  5  3  0 
4  9  5  8  3  2  7  0  6  1 
7  5  9  6  0  4  3  8  1  2 
2  8  6  9  7  1  5  4  0  3 
1  3  0  7  9  8  2  6  5  4 
6  2  4  1  8  9  0  3  7  5 
8  7  3  5  2  0  9  1  4  6 
5  0  8  4  6  3  1  9  2  7 
3  6  1  0  5  7  4  2  9  8 
0  1  2  3  4  5  6  7  8  9

№2

4  7  2  1  6  8  5  3  9  0 
9  5  8  3  2  7  0  6  4  1 
5  9  6  0  4  3  8  1  7  2 
8  6  9  7  1  5  4  0  2  3 
3  0  7  9  8  2  6  5  1  4 
2  4  1  8  9  0  3  7  6  5 
7  3  5  2  0  9  1  4  8  6 
0  8  4  6  3  1  9  2  5  7 
6  1  0  5  7  4  2  9  3  8 
1  2  3  4  5  6  7  8  0  9

№3

3  9  4  7  2  1  6  8  5  0 
6  4  9  5  8  3  2  7  0  1 
1  7  5  9  6  0  4  3  8  2 
0  2  8  6  9  7  1  5  4  3 
5  1  3  0  7  9  8  2  6  4 
7  6  2  4  1  8  9  0  3  5 
4  8  7  3  5  2  0  9  1  6 
2  5  0  8  4  6  3  1  9  7 
9  3  6  1  0  5  7  4  2  8 
8  0  1  2  3  4  5  6  7  9

Проверка ортогональности пары №2 - №3

KVADRATY NE ORTOGONALNY!

 43  79  24  17  62  81  56  38  95  0 
 96  54  89  35  28  73  2  67  40  11 
 51  97  65  9  46  30  84  13  78  22 
 80  62  98  76  19  57  41  5  24  33 
 35  1  73  90  87  29  68  52  16  44 
 27  46  12  84  91  8  39  70  63  55 
 74  38  57  23  5  92  10  49  81  66 
 2  85  40  68  34  16  93  21  59  77 
 69  13  6  51  70  45  27  94  32  88 
 18  20  31  42  53  64  75  86  7  99 

 24  62  81  38  35  73  2  40  51  46  84  13  62  57  5  24  35  73  68  16  27  46  84  70  38  57  5  81  2  40  68  16  13  51  70  27 
 NE UNIKALNYH PAR: U = 36

Вычисление характеристики ортогональности псевдотройки по программе DKL10.exe

93  49  74  27  12  61  86  58  35  0 
 46  94  59  85  38  23  72  7  60  11 
 71  57  95  69  6  40  34  83  18  22 
 20  82  68  96  79  17  51  45  4  33 
 15  31  3  70  97  89  28  62  56  44 
 67  26  42  14  81  98  9  30  73  55 
 84  78  37  53  25  2  90  19  41  66 
 52  5  80  48  64  36  13  91  29  77 
 39  63  16  1  50  75  47  24  92  88 
 8  10  21  32  43  54  65  76  87  99 

 43  79  24  17  62  81  56  38  95  0 
 96  54  89  35  28  73  2  67  40  11 
 51  97  65  9  46  30  84  13  78  22 
 80  62  98  76  19  57  41  5  24  33 
 35  1  73  90  87  29  68  52  16  44 
 27  46  12  84  91  8  39  70  63  55 
 74  38  57  23  5  92  10  49  81  66 
 2  85  40  68  34  16  93  21  59  77 
 69  13  6  51  70  45  27  94  32  88 
 18  20  31  42  53  64  75  86  7  99 

 0  1  2  5  6  7  8  9  10  11  12  13  16  17  18  19  20  21  22  23  24  27  28  29  30  31  32  33  34  35  38  39  40  41  42  43  44  45  46  49  51  52  53  54  55  56  57  59  62  63  64  65  66  67  68  69  70  73  74  75  76  77  78  79  80  81  84  85  86  87  88  89  90  91  92  93  94  95  96  97  98  99 
KOLICHESTVO UNIKALNYH PAR: U = 82


*****

#2

ЛК №1

9 7 5 2 4 0 8 3 6 1
7 9 8 6 3 5 1 0 4 2
5 8 9 0 7 4 6 2 1 3
2 6 0 9 1 8 5 7 3 4
4 3 7 1 9 2 0 6 8 5
0 5 4 8 2 9 3 1 7 6
8 1 6 5 0 3 9 4 2 7
3 0 2 7 6 1 4 9 5 8
6 4 1 3 8 7 2 5 9 0
1 2 3 4 5 6 7 8 0 9

ЛК №2

7 9 8 6 3 5 1 0 4 2
5 8 9 0 7 4 6 2 1 3
2 6 0 9 1 8 5 7 3 4
4 3 7 1 9 2 0 6 8 5
0 5 4 8 2 9 3 1 7 6
8 1 6 5 0 3 9 4 2 7
3 0 2 7 6 1 4 9 5 8
6 4 1 3 8 7 2 5 9 0
9 7 5 2 4 0 8 3 6 1
1 2 3 4 5 6 7 8 0 9

ЛК №3

6 4 1 3 8 7 2 5 9 0
9 7 5 2 4 0 8 3 6 1
7 9 8 6 3 5 1 0 4 2
5 8 9 0 7 4 6 2 1 3
2 6 0 9 1 8 5 7 3 4
4 3 7 1 9 2 0 6 8 5
0 5 4 8 2 9 3 1 7 6
8 1 6 5 0 3 9 4 2 7
3 0 2 7 6 1 4 9 5 8
1 2 3 4 5 6 7 8 0 9

Изоморфная псевдотройка с преобразованными (к 0) строками КРМ

№1

9  6  4  1  3  8  7  2  5  0 
6  9  7  5  2  4  0  8  3  1 
4  7  9  8  6  3  5  1  0  2 
1  5  8  9  0  7  4  6  2  3 
3  2  6  0  9  1  8  5  7  4 
8  4  3  7  1  9  2  0  6  5 
7  0  5  4  8  2  9  3  1  6 
2  8  1  6  5  0  3  9  4  7 
5  3  0  2  7  6  1  4  9  8 
0  1  2  3  4  5  6  7  8  9

№2

5  9  6  4  1  3  8  7  2  0 
3  6  9  7  5  2  4  0  8  1 
0  4  7  9  8  6  3  5  1  2 
2  1  5  8  9  0  7  4  6  3 
7  3  2  6  0  9  1  8  5  4 
6  8  4  3  7  1  9  2  0  5 
1  7  0  5  4  8  2  9  3  6 
4  2  8  1  6  5  0  3  9  7 
9  5  3  0  2  7  6  1  4  8 
8  0  1  2  3  4  5  6  7  9

№3

6  4  1  3  8  7  2  5  9  0 
9  7  5  2  4  0  8  3  6  1 
7  9  8  6  3  5  1  0  4  2 
5  8  9  0  7  4  6  2  1  3 
2  6  0  9  1  8  5  7  3  4 
4  3  7  1  9  2  0  6  8  5 
0  5  4  8  2  9  3  1  7  6 
8  1  6  5  0  3  9  4  2  7 
3  0  2  7  6  1  4  9  5  8 
1  2  3  4  5  6  7  8  0  9

Проверка ортогональности пары №2 - №3

KVADRATY NE ORTOGONALNY!

 56  94  61  43  18  37  82  75  29  0 
 39  67  95  72  54  20  48  3  86  11 
 7  49  78  96  83  65  31  50  14  22 
 25  18  59  80  97  4  76  42  61  33 
 72  36  20  69  1  98  15  87  53  44 
 64  83  47  31  79  12  90  26  8  55 
 10  75  4  58  42  89  23  91  37  66 
 48  21  86  15  60  53  9  34  92  77 
 93  50  32  7  26  71  64  19  45  88 
 81  2  13  24  35  46  57  68  70  99 

 61  18  37  75  72  20  48  86  7  83  31  50  18  4  42  61  72  20  15  53  64  83  31  26  75  4  42  37  48  86  15  53  50  7  26  64 
 NE UNIKALNYH PAR: U = 36

*****

#3

В этой псевдотройке строки уже преобразованы к 0.

ЛК №1

9 6 5 7 3 2 4 8 1 0
2 9 7 6 8 4 3 5 0 1
1 3 9 8 7 0 5 4 6 2
7 2 4 9 0 8 1 6 5 3
6 8 3 5 9 1 0 2 7 4
8 7 0 4 6 9 2 1 3 5
4 0 8 1 5 7 9 3 2 6
3 5 1 0 2 6 8 9 4 7
5 4 6 2 1 3 7 0 9 8
0 1 2 3 4 5 6 7 8 9

ЛК №2

7 3 6 2 5 1 9 4 8 0
0 8 4 7 3 6 2 9 5 1
6 1 0 5 8 4 7 3 9 2
9 7 2 1 6 0 5 8 4 3
5 9 8 3 2 7 1 6 0 4
1 6 9 0 4 3 8 2 7 5
8 2 7 9 1 5 4 0 3 6
4 0 3 8 9 2 6 5 1 7
2 5 1 4 0 9 3 7 6 8
3 4 5 6 7 8 0 1 2 9

ЛК №3

3 2 9 8 6 4 1 7 5 0
6 4 3 9 0 7 5 2 8 1
0 7 5 4 9 1 8 6 3 2
4 1 8 6 5 9 2 0 7 3
8 5 2 0 7 6 9 3 1 4
2 0 6 3 1 8 7 9 4 5
5 3 1 7 4 2 0 8 9 6
9 6 4 2 8 5 3 1 0 7
1 9 7 5 3 0 6 4 2 8
7 8 0 1 2 3 4 5 6 9

Проверка ортогональности пары №2 - №3

KVADRATY NE ORTOGONALNY!

 73  32  69  28  56  14  91  47  85  0 
 6  84  43  79  30  67  25  92  58  11 
 60  17  5  54  89  41  78  36  93  22 
 94  71  28  16  65  9  52  80  47  33 
 58  95  82  30  27  76  19  63  1  44 
 12  60  96  3  41  38  87  29  74  55 
 85  23  71  97  14  52  40  8  39  66 
 49  6  34  82  98  25  63  51  10  77 
 21  59  17  45  3  90  36  74  62  88 
 37  48  50  61  72  83  4  15  26  99 

28  14  47  85  6  30  25  58  60  17  41  36  71  28  52  47  58  82  30  63  60  3  41  74  85  71  14  52  6  82  25  63  17  3  36  74 
 NE UNIKALNYH PAR: U = 36

*****

#4

№1

9  2  6  8  7  3  5  4  1  0 
2  9  3  7  0  8  4  6  5  1 
6  3  9  4  8  1  0  5  7  2 
8  7  4  9  5  0  2  1  6  3 
7  0  8  5  9  6  1  3  2  4 
3  8  1  0  6  9  7  2  4  5 
5  4  0  2  1  7  9  8  3  6 
4  6  5  1  3  2  8  9  0  7 
1  5  7  6  2  4  3  0  9  8 
0  1  2  3  4  5  6  7  8  9 

№2

7  3  5  4  1  9  2  6  8  0 
0  8  4  6  5  2  9  3  7  1 
8  1  0  5  7  6  3  9  4  2 
5  0  2  1  6  8  7  4  9  3 
9  6  1  3  2  7  0  8  5  4 
6  9  7  2  4  3  8  1  0  5 
1  7  9  8  3  5  4  0  2  6 
3  2  8  9  0  4  6  5  1  7 
2  4  3  0  9  1  5  7  6  8 
4  5  6  7  8  0  1  2  3  9
 
№3

3  5  4  1  9  2  6  8  7  0 
8  4  6  5  2  9  3  7  0  1 
1  0  5  7  6  3  9  4  8  2 
0  2  1  6  8  7  4  9  5  3 
6  1  3  2  7  0  8  5  9  4 
9  7  2  4  3  8  1  0  6  5 
7  9  8  3  5  4  0  2  1  6 
2  8  9  0  4  6  5  1  3  7 
4  3  0  9  1  5  7  6  2  8 
5  6  7  8  0  1  2  3  4  9 


KVADRATY NE ORTOGONALNY!

 73  35  54  41  19  92  26  68  87  0 
 8  84  46  65  52  29  93  37  70  11 
 81  10  5  57  76  63  39  94  48  22 
 50  2  21  16  68  87  74  49  95  33 
 96  61  13  32  27  70  8  85  59  44 
 69  97  72  24  43  38  81  10  6  55 
 17  79  98  83  35  54  40  2  21  66 
 32  28  89  90  4  46  65  51  13  77 
 24  43  30  9  91  15  57  76  62  88 
 45  56  67  78  80  1  12  23  34  99 

35  54  68  87  08  46  65  70  81  10  57  76  02  21  68  87  13  32  70  08  24  43  81  10  35  54  02  21  32  46  65  13  24  43  57  76 
 NE UNIKALNYH PAR: U = 36

*****

#5

№1

9  5  8  1  6  4  7  3  2  0 
3  9  6  0  2  7  5  8  4  1 
5  4  9  7  1  3  8  6  0  2 
1  6  5  9  8  2  4  0  7  3 
8  2  7  6  9  0  3  5  1  4 
2  0  3  8  7  9  1  4  6  5 
7  3  1  4  0  8  9  2  5  6 
6  8  4  2  5  1  0  9  3  7 
4  7  0  5  3  6  2  1  9  8 
0  1  2  3  4  5  6  7  8  9

№2

3  1  7  5  8  2  4  6  9  0 
9  4  2  8  6  0  3  5  7  1 
8  9  5  3  0  7  1  4  6  2 
7  0  9  6  4  1  8  2  5  3 
6  8  1  9  7  5  2  0  3  4 
4  7  0  2  9  8  6  3  1  5 
2  5  8  1  3  9  0  7  4  6 
5  3  6  0  2  4  9  1  8  7 
0  6  4  7  1  3  5  9  2  8 
1  2  3  4  5  6  7  8  0  9 

№3

1  7  4  8  3  5  9  2  6  0 
7  2  8  5  0  4  6  9  3  1 
4  8  3  0  6  1  5  7  9  2 
9  5  0  4  1  7  2  6  8  3 
0  9  6  1  5  2  8  3  7  4 
8  1  9  7  2  6  3  0  4  5 
5  0  2  9  8  3  7  4  1  6 
2  6  1  3  9  0  4  8  5  7 
6  3  7  2  4  9  1  5  0  8 
3  4  5  6  7  8  0  1  2  9 

KVADRATY NE ORTOGONALNY!

 31  17  74  58  83  25  49  62  96  0 
 97  42  28  85  60  4  36  59  73  11 
 84  98  53  30  6  71  15  47  69  22 
 79  5  90  64  41  17  82  26  58  33 
 60  89  16  91  75  52  28  3  37  44 
 48  71  9  27  92  86  63  30  14  55 
 25  50  82  19  38  93  7  74  41  66 
 52  36  61  3  29  40  94  18  85  77 
 6  63  47  72  14  39  51  95  20  88 
 13  24  35  46  57  68  70  81  2  99 

17  74  58  25  28  85  60  36  30  06  71  47  41  17  82  58  60  52  28  03  71  63  30  14  25  82  74  41  52  36  03  85  06  63  47  14

17  74  58  25  28  85  60  36  30  06  71  47  41  17  82  58  60  52  28  03  71  63  30  14  25  82  74  41  52  36  3  85  6  63  47  14  
 NE UNIKALNYH PAR: U = 36

*****

#6

№1

9  3  8  7  5  1  4  6  2  0 
3  9  4  0  8  6  2  5  7  1 
8  4  9  5  1  0  7  3  6  2 
7  0  5  9  6  2  1  8  4  3 
5  8  1  6  9  7  3  2  0  4 
1  6  0  2  7  9  8  4  3  5 
4  2  7  1  3  8  9  0  5  6 
6  5  3  8  2  4  0  9  1  7 
2  7  6  4  0  3  5  1  9  8 
0  1  2  3  4  5  6  7  8  9

№2

8  7  5  1  4  6  2  9  3  0 
4  0  8  6  2  5  7  3  9  1 
9  5  1  0  7  3  6  8  4  2 
5  9  6  2  1  8  4  7  0  3 
1  6  9  7  3  2  0  5  8  4 
0  2  7  9  8  4  3  1  6  5 
7  1  3  8  9  0  5  4  2  6 
3  8  2  4  0  9  1  6  5  7 
6  4  0  3  5  1  9  2  7  8 
2  3  4  5  6  7  8  0  1  9

№3

6  2  9  3  8  7  5  1  4  0 
5  7  3  9  4  0  8  6  2  1 
3  6  8  4  9  5  1  0  7  2 
8  4  7  0  5  9  6  2  1  3 
2  0  5  8  1  6  9  7  3  4 
4  3  1  6  0  2  7  9  8  5 
0  5  4  2  7  1  3  8  9  6 
9  1  6  5  3  8  2  4  0  7 
1  9  2  7  6  4  0  3  5  8 
7  8  0  1  2  3  4  5  6  9

KVADRATY NE ORTOGONALNY!

 86  72  59  13  48  67  25  91  34  0 
 45  7  83  69  24  50  78  36  92  11 
 93  56  18  4  79  35  61  80  47  22 
 58  94  67  20  15  89  46  72  1  33 
 12  60  95  78  31  26  9  57  83  44 
 4  23  71  96  80  42  37  19  68  55 
 70  15  34  82  97  1  53  48  29  66 
 39  81  26  45  3  98  12  64  50  77 
 61  49  2  37  56  14  90  23  75  88 
 27  38  40  51  62  73  84  5  16  99 

 72  48  67  34  45  83  50  78  56  4  61  80  67  15  72  1  12  78  26  83  4  23  80  37  15  34  1  48  26  45  12  50  61  37  56  23 
 NE UNIKALNYH PAR: U = 36

*****

#7

№1

9  7  4  8  2  6  5  1  3  0 
4  9  8  5  0  3  7  6  2  1 
3  5  9  0  6  1  4  8  7  2 
8  4  6  9  1  7  2  5  0  3 
1  0  5  7  9  2  8  3  6  4 
7  2  1  6  8  9  3  0  4  5 
5  8  3  2  7  0  9  4  1  6 
2  6  0  4  3  8  1  9  5  7 
6  3  7  1  5  4  0  2  9  8 
0  1  2  3  4  5  6  7  8  9

№2

8  5  3  1  6  2  9  7  4  0 
5  0  6  4  2  7  3  9  8  1 
0  6  1  7  5  3  8  4  9  2 
9  1  7  2  8  6  4  0  5  3 
6  9  2  8  3  0  7  5  1  4 
2  7  9  3  0  4  1  8  6  5 
7  3  8  9  4  1  5  2  0  6 
1  8  4  0  9  5  2  6  3  7 
4  2  0  5  1  9  6  3  7  8 
3  4  5  6  7  8  0  1  2  9

№3

1  8  7  5  4  9  3  6  2  0 
3  2  0  8  6  5  9  4  7  1 
8  4  3  1  0  7  6  9  5  2 
6  0  5  4  2  1  8  7  9  3 
9  7  1  6  5  3  2  0  8  4 
0  9  8  2  7  6  4  3  1  5 
2  1  9  0  3  8  7  5  4  6 
5  3  2  9  1  4  0  8  6  7 
7  6  4  3  9  2  5  1  0  8 
4  5  6  7  8  0  1  2  3  9

KVADRATY NE ORTOGONALNY!

 81  58  37  15  64  29  93  76  42  0 
 53  2  60  48  26  75  39  94  87  11 
 8  64  13  71  50  37  86  49  95  22 
 96  10  75  24  82  61  48  7  59  33 
 69  97  21  86  35  3  72  50  18  44 
 20  79  98  32  7  46  14  83  61  55 
 72  31  89  90  43  18  57  25  4  66 
 15  83  42  9  91  54  20  68  36  77 
 47  26  4  53  19  92  65  31  70  88 
 34  45  56  67  78  80  1  12  23  99 

 37  15  64  42  53  48  26  75  64  50  37  86  75  61  48  7  86  72  50  18  20  7  83  61  72  31  18  4  15  83  42  20  26  4  53  31 
 NE UNIKALNYH PAR: U = 36

*****
#8

№1

9  4  7  2  1  6  8  5  3  0 
4  9  5  8  3  2  7  0  6  1 
7  5  9  6  0  4  3  8  1  2 
2  8  6  9  7  1  5  4  0  3 
1  3  0  7  9  8  2  6  5  4 
6  2  4  1  8  9  0  3  7  5 
8  7  3  5  2  0  9  1  4  6 
5  0  8  4  6  3  1  9  2  7 
3  6  1  0  5  7  4  2  9  8 
0  1  2  3  4  5  6  7  8  9

№2

4  7  2  1  6  8  5  3  9  0 
9  5  8  3  2  7  0  6  4  1 
5  9  6  0  4  3  8  1  7  2 
8  6  9  7  1  5  4  0  2  3 
3  0  7  9  8  2  6  5  1  4 
2  4  1  8  9  0  3  7  6  5 
7  3  5  2  0  9  1  4  8  6 
0  8  4  6  3  1  9  2  5  7 
6  1  0  5  7  4  2  9  3  8 
1  2  3  4  5  6  7  8  0  9

№3

3  9  4  7  2  1  6  8  5  0 
6  4  9  5  8  3  2  7  0  1 
1  7  5  9  6  0  4  3  8  2 
0  2  8  6  9  7  1  5  4  3 
5  1  3  0  7  9  8  2  6  4 
7  6  2  4  1  8  9  0  3  5 
4  8  7  3  5  2  0  9  1  6 
2  5  0  8  4  6  3  1  9  7 
9  3  6  1  0  5  7  4  2  8 
8  0  1  2  3  4  5  6  7  9

KVADRATY NE ORTOGONALNY!

 43  79  24  17  62  81  56  38  95  0 
 96  54  89  35  28  73  2  67  40  11 
 51  97  65  9  46  30  84  13  78  22 
 80  62  98  76  19  57  41  5  24  33 
 35  1  73  90  87  29  68  52  16  44 
 27  46  12  84  91  8  39  70  63  55 
 74  38  57  23  5  92  10  49  81  66 
 2  85  40  68  34  16  93  21  59  77 
 69  13  6  51  70  45  27  94  32  88 
 18  20  31  42  53  64  75  86  7  99 

 24  62  81  38  35  73  2  40  51  46  84  13  62  57  5  24  35  73  68  16  27  46  84  70  38  57  5  81  2  40  68  16  13  51  70  27 
 NE UNIKALNYH PAR: U = 36

*****

#9

№1

9  6  4  1  3  8  7  2  5  0 
6  9  7  5  2  4  0  8  3  1 
4  7  9  8  6  3  5  1  0  2 
1  5  8  9  0  7  4  6  2  3 
3  2  6  0  9  1  8  5  7  4 
8  4  3  7  1  9  2  0  6  5 
7  0  5  4  8  2  9  3  1  6 
2  8  1  6  5  0  3  9  4  7 
5  3  0  2  7  6  1  4  9  8 
0  1  2  3  4  5  6  7  8  9

№2

6  4  1  3  8  7  2  5  9  0 
9  7  5  2  4  0  8  3  6  1 
7  9  8  6  3  5  1  0  4  2 
5  8  9  0  7  4  6  2  1  3 
2  6  0  9  1  8  5  7  3  4 
4  3  7  1  9  2  0  6  8  5 
0  5  4  8  2  9  3  1  7  6 
8  1  6  5  0  3  9  4  2  7 
3  0  2  7  6  1  4  9  5  8 
1  2  3  4  5  6  7  8  0  9

№3

5  9  6  4  1  3  8  7  2  0 
3  6  9  7  5  2  4  0  8  1 
0  4  7  9  8  6  3  5  1  2 
2  1  5  8  9  0  7  4  6  3 
7  3  2  6  0  9  1  8  5  4 
6  8  4  3  7  1  9  2  0  5 
1  7  0  5  4  8  2  9  3  6 
4  2  8  1  6  5  0  3  9  7 
9  5  3  0  2  7  6  1  4  8 
8  0  1  2  3  4  5  6  7  9

KVADRATY NE ORTOGONALNY!

 65  49  16  34  81  73  28  57  92  0 
 93  76  59  27  45  2  84  30  68  11 
 70  94  87  69  38  56  13  5  41  22 
 52  81  95  8  79  40  67  24  16  33 
 27  63  2  96  10  89  51  78  35  44 
 46  38  74  13  97  21  9  62  80  55 
 1  57  40  85  24  98  32  19  73  66 
 84  12  68  51  6  35  90  43  29  77 
 39  5  23  70  62  17  46  91  54  88 
 18  20  31  42  53  64  75  86  7  99 

 16  81  73  57  27  2  84  68  70  38  13  5  81  40  24  16  27  2  51  35  46  38  13  62  57  40  24  73  84  68  51  35  5  70  62  46 
 NE UNIKALNYH PAR: U = 36

*****

#10

№1

9  3  7  4  2  8  1  6  5  0 
6  9  4  8  5  3  0  2  7  1 
8  7  9  5  0  6  4  1  3  2 
4  0  8  9  6  1  7  5  2  3 
3  5  1  0  9  7  2  8  6  4 
7  4  6  2  1  9  8  3  0  5 
1  8  5  7  3  2  9  0  4  6 
5  2  0  6  8  4  3  9  1  7 
2  6  3  1  7  0  5  4  9  8 
0  1  2  3  4  5  6  7  8  9

№2

4  8  2  5  1  6  9  3  7  0 
8  5  0  3  6  2  7  9  4  1 
5  0  6  1  4  7  3  8  9  2 
9  6  1  7  2  5  8  4  0  3 
1  9  7  2  8  3  6  0  5  4 
6  2  9  8  3  0  4  7  1  5 
2  7  3  9  0  4  1  5  8  6 
0  3  8  4  9  1  5  2  6  7 
7  1  4  0  5  9  2  6  3  8 
3  4  5  6  7  8  0  1  2  9

№3

3  6  8  2  4  9  7  5  1  0 
2  4  7  0  3  5  9  8  6  1 
7  3  5  8  1  4  6  9  0  2 
1  8  4  6  0  2  5  7  9  3 
9  2  0  5  7  1  3  6  8  4 
0  9  3  1  6  8  2  4  7  5 
8  1  9  4  2  7  0  3  5  6 
6  0  2  9  5  3  8  1  4  7 
5  7  1  3  9  6  4  0  2  8 
4  5  6  7  8  0  1  2  3  9

KVADRATY NE ORTOGONALNY!

 43  86  28  52  14  69  97  35  71  0 
 82  54  7  30  63  25  79  98  46  11 
 57  3  65  18  41  74  36  89  90  22 
 91  68  14  76  20  52  85  47  9  33 
 19  92  70  25  87  31  63  6  58  44 
 60  29  93  81  36  8  42  74  17  55 
 28  71  39  94  2  47  10  53  85  66 
 6  30  82  49  95  13  58  21  64  77 
 75  17  41  3  59  96  24  60  32  88 
 34  45  56  67  78  80  1  12  23  99 

 28  52  14  71  82  30  63  25  3  41  74  36  14  52  85  47  25  63  6  58  60  36  74  17  28  71  47  85  6  30  82  58  17  41  3  60 
 NE UNIKALNYH PAR: U = 36

*****

#11

№1

9  7  3  5  8  4  2  1  6  0 
7  9  8  4  6  0  5  3  2  1 
3  8  9  0  5  7  1  6  4  2 
5  4  0  9  1  6  8  2  7  3 
8  6  5  1  9  2  7  0  3  4 
4  0  7  6  2  9  3  8  1  5 
2  5  1  8  7  3  9  4  0  6 
1  3  6  2  0  8  4  9  5  7 
6  2  4  7  3  1  0  5  9  8 
0  1  2  3  4  5  6  7  8  9

№2

3  5  8  4  2  1  6  9  7  0 
8  4  6  0  5  3  2  7  9  1 
9  0  5  7  1  6  4  3  8  2 
0  9  1  6  8  2  7  5  4  3 
5  1  9  2  7  0  3  8  6  4 
7  6  2  9  3  8  1  4  0  5 
1  8  7  3  9  4  0  2  5  6 
6  2  0  8  4  9  5  1  3  7 
4  7  3  1  0  5  9  6  2  8 
2  3  4  5  6  7  8  0  1  9

№3

1  6  9  7  3  5  8  4  2  0 
3  2  7  9  8  4  6  0  5  1 
6  4  3  8  9  0  5  7  1  2 
2  7  5  4  0  9  1  6  8  3 
0  3  8  6  5  1  9  2  7  4 
8  1  4  0  7  6  2  9  3  5 
4  0  2  5  1  8  7  3  9  6 
9  5  1  3  6  2  0  8  4  7 
5  9  6  2  4  7  3  1  0  8 
7  8  0  1  2  3  4  5  6  9

KVADRATY NE ORTOGONALNY!

 31  56  89  47  23  15  68  94  72  0 
 83  42  67  9  58  34  26  70  95  11 
 96  4  53  78  19  60  45  37  81  22 
 2  97  15  64  80  29  71  56  48  33 
 50  13  98  26  75  1  39  82  67  44 
 78  61  24  90  37  86  12  49  3  55 
 14  80  72  35  91  48  7  23  59  66 
 69  25  1  83  46  92  50  18  34  77 
 45  79  36  12  4  57  93  61  20  88 
 27  38  40  51  62  73  84  5  16  99 

 56  23  15  72  83  67  34  26  04  78  45  37  15  80  56  48  50  26  01  67  78  61  37  12  80  72  48  23  01  83  50  34  45  12  04  61 
 NE UNIKALNYH PAR: U = 36

56 23 15 72 83 67 34 26 04 78 45 37 80 48 50 01 61 12

Проверила повторяемость, каждая не уникальная упорядоченная пара повторена ровно один раз.

*****
(вторая порция эксперимента – 225 КРМ, выбраны только с двумя вариантами третьей строки)

#12

№1

 2  1  7  6  8  4  3  5  9  0 
 9  3  2  8  7  0  5  4  6  1 
 7  9  4  3  0  8  1  6  5  2 
 6  8  9  5  4  1  0  2  7  3 
 8  7  0  9  6  5  2  1  3  4 
 4  0  8  1  9  7  6  3  2  5 
 3  5  1  0  2  9  8  7  4  6 
 5  4  6  2  1  3  9  0  8  7 
 0  6  5  7  3  2  4  9  1  8 
 1  2  3  4  5  6  7  8  0  9 

№2

 8  2  6  1  4  7  9  3  5  0 
 6  0  3  7  2  5  8  9  4  1 
 5  7  1  4  8  3  6  0  9  2 
 9  6  8  2  5  0  4  7  1  3 
 2  9  7  0  3  6  1  5  8  4 
 0  3  9  8  1  4  7  2  6  5 
 7  1  4  9  0  2  5  8  3  6 
 4  8  2  5  9  1  3  6  0  7 
 1  5  0  3  6  9  2  4  7  8 
 3  4  5  6  7  8  0  1  2  9 

№3

 6  3  9  2  7  5  1  8  4  0 
 5  7  4  9  3  8  6  2  0  1 
 1  6  8  5  9  4  0  7  3  2 
 4  2  7  0  6  9  5  1  8  3 
 0  5  3  8  1  7  9  6  2  4 
 3  1  6  4  0  2  8  9  7  5 
 8  4  2  7  5  1  3  0  9  6 
 9  0  5  3  8  6  2  4  1  7 
 2  9  1  6  4  0  7  3  5  8 
 7  8  0  1  2  3  4  5  6  9

KVADRATY NE ORTOGONALNY!

 86  23  69  12  47  75  91  38  54  0 
 65  7  34  79  23  58  86  92  40  11 
 51  76  18  45  89  34  60  7  93  22 
 94  62  87  20  56  9  45  71  18  33 
 20  95  73  8  31  67  19  56  82  44 
 3  31  96  84  10  42  78  29  67  55 
 78  14  42  97  5  21  53  80  39  66 
 49  80  25  53  98  16  32  64  1  77 
 12  59  1  36  64  90  27  43  75  88 
 37  48  50  61  72  83  4  15  26  99 

86  23  12  75  7  34  23  86  18  45  34  7  20  56  45  18  20  31  67  56  31  42  78  67  78  42  53  80  80  53  64  1  12  1  64  75 
 NE UNIKALNYH PAR: U = 36

*****
#13

№1

 3  8  7  5  1  4  6  2  9  0 
 9  4  0  8  6  2  5  7  3  1 
 4  9  5  1  0  7  3  6  8  2 
 0  5  9  6  2  1  8  4  7  3 
 8  1  6  9  7  3  2  0  5  4 
 6  0  2  7  9  8  4  3  1  5 
 2  7  1  3  8  9  0  5  4  6 
 5  3  8  2  4  0  9  1  6  7 
 7  6  4  0  3  5  1  9  2  8 
 1  2  3  4  5  6  7  8  0  9 

№2

 7  5  1  4  6  2  9  3  8  0 
 0  8  6  2  5  7  3  9  4  1 
 5  1  0  7  3  6  8  4  9  2 
 9  6  2  1  8  4  7  0  5  3 
 6  9  7  3  2  0  5  8  1  4 
 2  7  9  8  4  3  1  6  0  5 
 1  3  8  9  0  5  4  2  7  6 
 8  2  4  0  9  1  6  5  3  7 
 4  0  3  5  1  9  2  7  6  8 
 3  4  5  6  7  8  0  1  2  9 

№3

 2  9  3  8  7  5  1  4  6  0 
 7  3  9  4  0  8  6  2  5  1 
 6  8  4  9  5  1  0  7  3  2 
 4  7  0  5  9  6  2  1  8  3 
 0  5  8  1  6  9  7  3  2  4 
 3  1  6  0  2  7  9  8  4  5 
 5  4  2  7  1  3  8  9  0  6 
 1  6  5  3  8  2  4  0  9  7 
 9  2  7  6  4  0  3  5  1  8 
 8  0  1  2  3  4  5  6  7  9

KVADRATY NE ORTOGONALNY!

 72  59  13  48  67  25  91  34  86  0 
 7  83  69  24  50  78  36  92  45  11 
 56  18  4  79  35  61  80  47  93  22 
 94  67  20  15  89  46  72  1  58  33 
 60  95  78  31  26  9  57  83  12  44 
 23  71  96  80  42  37  19  68  4  55 
 15  34  82  97  1  53  48  29  70  66 
 81  26  45  3  98  12  64  50  39  77 
 49  2  37  56  14  90  23  75  61  88 
 38  40  51  62  73  84  5  16  27  99 

 72  48  67  34  83  50  78  45  56  4  61  80  67  15  72  1  78  26  83  12  23  80  37  4  15  34  1  48  26  45  12  50  37  56  23  61 
 NE UNIKALNYH PAR: U = 36

*****

#14

№1

 3  7  4  2  8  1  6  5  9  0 
 9  4  8  5  3  0  2  7  6  1 
 7  9  5  0  6  4  1  3  8  2 
 0  8  9  6  1  7  5  2  4  3 
 5  1  0  9  7  2  8  6  3  4 
 4  6  2  1  9  8  3  0  7  5 
 8  5  7  3  2  9  0  4  1  6 
 2  0  6  8  4  3  9  1  5  7 
 6  3  1  7  0  5  4  9  2  8 
 1  2  3  4  5  6  7  8  0  9 

№2

 8  2  5  1  6  9  3  7  4  0 
 5  0  3  6  2  7  9  4  8  1 
 0  6  1  4  7  3  8  9  5  2 
 6  1  7  2  5  8  4  0  9  3 
 9  7  2  8  3  6  0  5  1  4 
 2  9  8  3  0  4  7  1  6  5 
 7  3  9  0  4  1  5  8  2  6 
 3  8  4  9  1  5  2  6  0  7 
 1  4  0  5  9  2  6  3  7  8 
 4  5  6  7  8  0  1  2  3  9 

№3

 6  8  2  4  9  7  5  1  3  0 
 4  7  0  3  5  9  8  6  2  1 
 3  5  8  1  4  6  9  0  7  2 
 8  4  6  0  2  5  7  9  1  3 
 2  0  5  7  1  3  6  8  9  4 
 9  3  1  6  8  2  4  7  0  5 
 1  9  4  2  7  0  3  5  8  6 
 0  2  9  5  3  8  1  4  6  7 
 7  1  3  9  6  4  0  2  5  8 
 5  6  7  8  0  1  2  3  4  9

KVADRATY NE ORTOGONALNY!
 86  28  52  14  69  97  35  71  43  0 
 54  7  30  63  25  79  98  46  82  11 
 3  65  18  41  74  36  89  90  57  22 
 68  14  76  20  52  85  47  9  91  33 
 92  70  25  87  31  63  6  58  19  44 
 29  93  81  36  8  42  74  17  60  55 
 71  39  94  2  47  10  53  85  28  66 
 30  82  49  95  13  58  21  64  6  77 
 17  41  3  59  96  24  60  32  75  88 
 45  56  67  78  80  1  12  23  34  99 

 28  52  14  71  30  63  25  82  3  41  74  36  14  52  85  47  25  63  6  58  36  74  17  60  71  47  85  28  30  82  58  6  17  41  3  60 
 NE UNIKALNYH PAR: U = 36


#15

№1

 4  6  5  1  3  2  8  7  9  0 
 9  5  7  6  2  4  3  0  8  1 
 0  9  6  8  7  3  5  4  1  2 
 2  1  9  7  0  8  4  6  5  3 
 6  3  2  9  8  1  0  5  7  4 
 8  7  4  3  9  0  2  1  6  5 
 7  0  8  5  4  9  1  3  2  6 
 3  8  1  0  6  5  9  2  4  7 
 5  4  0  2  1  7  6  9  3  8 
 1  2  3  4  5  6  7  8  0  9 

№2

 1  8  4  2  7  9  6  3  5  0 
 6  2  0  5  3  8  9  7  4  1 
 5  7  3  1  6  4  0  9  8  2 
 0  6  8  4  2  7  5  1  9  3 
 9  1  7  0  5  3  8  6  2  4 
 3  9  2  8  1  6  4  0  7  5 
 8  4  9  3  0  2  7  5  1  6 
 2  0  5  9  4  1  3  8  6  7 
 7  3  1  6  9  5  2  4  0  8 
 4  5  6  7  8  0  1  2  3  9 

№3

 6  9  2  5  8  3  7  1  4  0 
 5  7  9  3  6  0  4  8  2  1 
 3  6  8  9  4  7  1  5  0  2 
 1  4  7  0  9  5  8  2  6  3 
 7  2  5  8  1  9  6  0  3  4 
 4  8  3  6  0  2  9  7  1  5 
 2  5  0  4  7  1  3  9  8  6 
 0  3  6  1  5  8  2  4  9  7 
 9  1  4  7  2  6  0  3  5  8 
 8  0  1  2  3  4  5  6  7  9

KVADRATY NE ORTOGONALNY!

 16  89  42  25  78  93  67  31  54  0 
 65  27  9  53  36  80  94  78  42  11 
 53  76  38  19  64  47  1  95  80  22 
 1  64  87  40  29  75  58  12  96  33 
 97  12  75  8  51  39  86  60  23  44 
 34  98  23  86  10  62  49  7  71  55 
 82  45  90  34  7  21  73  59  18  66 
 20  3  56  91  45  18  32  84  69  77 
 79  31  14  67  92  56  20  43  5  88 
 48  50  61  72  83  4  15  26  37  99 

 42  78  67  31  53  80  78  42  53  64  1  80  1  64  75  12  12  75  86  23  34  23  86  7  45  34  7  18  20  56  45  18  31  67  56  20 
 NE UNIKALNYH PAR: U = 36

#16

№1

 5  8  1  6  4  7  3  2  9  0 
 9  6  0  2  7  5  8  4  3  1 
 4  9  7  1  3  8  6  0  5  2 
 6  5  9  8  2  4  0  7  1  3 
 2  7  6  9  0  3  5  1  8  4 
 0  3  8  7  9  1  4  6  2  5 
 3  1  4  0  8  9  2  5  7  6 
 8  4  2  5  1  0  9  3  6  7 
 7  0  5  3  6  2  1  9  4  8 
 1  2  3  4  5  6  7  8  0  9 

№2

 1  7  5  8  2  4  6  9  3  0 
 4  2  8  6  0  3  5  7  9  1 
 9  5  3  0  7  1  4  6  8  2 
 0  9  6  4  1  8  2  5  7  3 
 8  1  9  7  5  2  0  3  6  4 
 7  0  2  9  8  6  3  1  4  5 
 5  8  1  3  9  0  7  4  2  6 
 3  6  0  2  4  9  1  8  5  7 
 6  4  7  1  3  5  9  2  0  8 
 2  3  4  5  6  7  8  0  1  9 

№3

 7  4  8  3  5  9  2  6  1  0 
 2  8  5  0  4  6  9  3  7  1 
 8  3  0  6  1  5  7  9  4  2 
 5  0  4  1  7  2  6  8  9  3 
 9  6  1  5  2  8  3  7  0  4 
 1  9  7  2  6  3  0  4  8  5 
 0  2  9  8  3  7  4  1  5  6 
 6  1  3  9  0  4  8  5  2  7 
 3  7  2  4  9  1  5  0  6  8 
 4  5  6  7  8  0  1  2  3  9

KVADRATY NE ORTOGONALNY!

 17  74  58  83  25  49  62  96  31  0 
 42  28  85  60  4  36  59  73  97  11 
 98  53  30  6  71  15  47  69  84  22 
 5  90  64  41  17  82  26  58  79  33 
 89  16  91  75  52  28  3  37  60  44 
 71  9  27  92  86  63  30  14  48  55 
 50  82  19  38  93  7  74  41  25  66 
 36  61  3  29  40  94  18  85  52  77 
 63  47  72  14  39  51  95  20  6  88 
 24  35  46  57  68  70  81  2  13  99 

 17  74  58  25  28  85  60  36  30  6  71  47  41  17  82  58  52  28  3  60  71  63  30  14  82  74  41  25  36  3  85  52  63  47  14  6 
 NE UNIKALNYH PAR: U = 36

#17

№1

 5  3  2  7  1  8  4  6  9  0 
 9  6  4  3  8  2  0  5  7  1 
 8  9  7  5  4  0  3  1  6  2 
 7  0  9  8  6  5  1  4  2  3 
 3  8  1  9  0  7  6  2  5  4 
 6  4  0  2  9  1  8  7  3  5 
 4  7  5  1  3  9  2  0  8  6 
 0  5  8  6  2  4  9  3  1  7 
 2  1  6  0  7  3  5  9  4  8 
 1  2  3  4  5  6  7  8  0  9 

№2

 1  5  8  6  4  3  2  9  7  0 
 8  2  6  0  7  5  4  3  9  1 
 9  0  3  7  1  8  6  5  4  2 
 5  9  1  4  8  2  0  7  6  3 
 7  6  9  2  5  0  3  1  8  4 
 0  8  7  9  3  6  1  4  2  5 
 3  1  0  8  9  4  7  2  5  6 
 6  4  2  1  0  9  5  8  3  7 
 4  7  5  3  2  1  9  6  0  8 
 2  3  4  5  6  7  8  0  1  9 

№3

 6  1  7  4  3  9  8  5  2  0 
 3  7  2  8  5  4  9  0  6  1 
 7  4  8  3  0  6  5  9  1  2 
 2  8  5  0  4  1  7  6  9  3 
 9  3  0  6  1  5  2  8  7  4 
 8  9  4  1  7  2  6  3  0  5 
 1  0  9  5  2  8  3  7  4  6 
 5  2  1  9  6  3  0  4  8  7 
 0  6  3  2  9  7  4  1  5  8 
 4  5  6  7  8  0  1  2  3  9

KVADRATY NE ORTOGONALNY!

 16  51  87  64  43  39  28  95  72  0 
 83  27  62  8  75  54  49  30  96  11 
 97  4  38  73  10  86  65  59  41  22 
 52  98  15  40  84  21  7  76  69  33 
 79  63  90  26  51  5  32  18  87  44 
 8  89  74  91  37  62  16  43  20  55 
 31  10  9  85  92  48  73  27  54  66 
 65  42  21  19  6  93  50  84  38  77 
 40  76  53  32  29  17  94  61  5  88 
 24  35  46  57  68  70  81  2  13  99 

 16  51  87  43  27  62  8  54  38  73  10  65  40  84  21  76  51  5  32  87  8  62  16  43  10  73  27  54  65  21  84  38  40  76  32  5 
 NE UNIKALNYH PAR: U = 36

#18

№1

 6  5  7  3  2  4  8  1  9  0 
 9  7  6  8  4  3  5  0  2  1 
 3  9  8  7  0  5  4  6  1  2 
 2  4  9  0  8  1  6  5  7  3 
 8  3  5  9  1  0  2  7  6  4 
 7  0  4  6  9  2  1  3  8  5 
 0  8  1  5  7  9  3  2  4  6 
 5  1  0  2  6  8  9  4  3  7 
 4  6  2  1  3  7  0  9  5  8 
 1  2  3  4  5  6  7  8  0  9 

№2

 3  6  2  5  1  9  4  8  7  0 
 8  4  7  3  6  2  9  5  0  1 
 1  0  5  8  4  7  3  9  6  2 
 7  2  1  6  0  5  8  4  9  3 
 9  8  3  2  7  1  6  0  5  4 
 6  9  0  4  3  8  2  7  1  5 
 2  7  9  1  5  4  0  3  8  6 
 0  3  8  9  2  6  5  1  4  7 
 5  1  4  0  9  3  7  6  2  8 
 4  5  6  7  8  0  1  2  3  9 

№3

 2  9  8  6  4  1  7  5  3  0 
 4  3  9  0  7  5  2  8  6  1 
 7  5  4  9  1  8  6  3  0  2 
 1  8  6  5  9  2  0  7  4  3 
 5  2  0  7  6  9  3  1  8  4 
 0  6  3  1  8  7  9  4  2  5 
 3  1  7  4  2  0  8  9  5  6 
 6  4  2  8  5  3  1  0  9  7 
 9  7  5  3  0  6  4  2  1  8 
 8  0  1  2  3  4  5  6  7  9

KVADRATY NE ORTOGONALNY!

 32  69  28  56  14  91  47  85  73  0 
 84  43  79  30  67  25  92  58  6  11 
 17  5  54  89  41  78  36  93  60  22 
 71  28  16  65  9  52  80  47  94  33 
 95  82  30  27  76  19  63  1  58  44 
 60  96  3  41  38  87  29  74  12  55 
 23  71  97  14  52  40  8  39  85  66 
 6  34  82  98  25  63  51  10  49  77 
 59  17  45  3  90  36  74  62  21  88 
 48  50  61  72  83  4  15  26  37  99 

 28  14  47  85  30  25  58  6  17  41  36  60  71  28  52  47  82  30  63  58  60  3  41  74  71  14  52  85  6  82  25  63  17  3  36  74 
 NE UNIKALNYH PAR: U = 36

#19

№1

 7  4  8  2  6  5  1  3  9  0 
 9  8  5  0  3  7  6  2  4  1 
 5  9  0  6  1  4  8  7  3  2 
 4  6  9  1  7  2  5  0  8  3 
 0  5  7  9  2  8  3  6  1  4 
 2  1  6  8  9  3  0  4  7  5 
 8  3  2  7  0  9  4  1  5  6 
 6  0  4  3  8  1  9  5  2  7 
 3  7  1  5  4  0  2  9  6  8 
 1  2  3  4  5  6  7  8  0  9 

№2

 5  3  1  6  2  9  7  4  8  0 
 0  6  4  2  7  3  9  8  5  1 
 6  1  7  5  3  8  4  9  0  2 
 1  7  2  8  6  4  0  5  9  3 
 9  2  8  3  0  7  5  1  6  4 
 7  9  3  0  4  1  8  6  2  5 
 3  8  9  4  1  5  2  0  7  6 
 8  4  0  9  5  2  6  3  1  7 
 2  0  5  1  9  6  3  7  4  8 
 4  5  6  7  8  0  1  2  3  9 

№3

 8  7  5  4  9  3  6  2  1  0 
 2  0  8  6  5  9  4  7  3  1 
 4  3  1  0  7  6  9  5  8  2 
 0  5  4  2  1  8  7  9  6  3 
 7  1  6  5  3  2  0  8  9  4 
 9  8  2  7  6  4  3  1  0  5 
 1  9  0  3  8  7  5  4  2  6 
 3  2  9  1  4  0  8  6  5  7 
 6  4  3  9  2  5  1  0  7  8 
 5  6  7  8  0  1  2  3  4  9

KVADRATY NE ORTOGONALNY!

 58  37  15  64  29  93  76  42  81  0 
 2  60  48  26  75  39  94  87  53  11 
 64  13  71  50  37  86  49  95  8  22 
 10  75  24  82  61  48  7  59  96  33 
 97  21  86  35  3  72  50  18  69  44 
 79  98  32  7  46  14  83  61  20  55 
 31  89  90  43  18  57  25  4  72  66 
 83  42  9  91  54  20  68  36  15  77 
 26  4  53  19  92  65  31  70  47  88 
 45  56  67  78  80  1  12  23  34  99 

 37  15  64  42  48  26  75  53  64  50  37  86  75  61  48  7  86  72  50  18  7  83  61  20  31  18  4  72  83  42  20  15  26  4  53  31 
 NE UNIKALNYH PAR: U = 36

#20

№1

 7  3  5  8  4  2  1  6  9  0 
 9  8  4  6  0  5  3  2  7  1 
 8  9  0  5  7  1  6  4  3  2 
 4  0  9  1  6  8  2  7  5  3 
 6  5  1  9  2  7  0  3  8  4 
 0  7  6  2  9  3  8  1  4  5 
 5  1  8  7  3  9  4  0  2  6 
 3  6  2  0  8  4  9  5  1  7 
 2  4  7  3  1  0  5  9  6  8 
 1  2  3  4  5  6  7  8  0  9 

№2

 5  8  4  2  1  6  9  7  3  0 
 4  6  0  5  3  2  7  9  8  1 
 0  5  7  1  6  4  3  8  9  2 
 9  1  6  8  2  7  5  4  0  3 
 1  9  2  7  0  3  8  6  5  4 
 6  2  9  3  8  1  4  0  7  5 
 8  7  3  9  4  0  2  5  1  6 
 2  0  8  4  9  5  1  3  6  7 
 7  3  1  0  5  9  6  2  4  8 
 3  4  5  6  7  8  0  1  2  9 

№3

 6  9  7  3  5  8  4  2  1  0 
 2  7  9  8  4  6  0  5  3  1 
 4  3  8  9  0  5  7  1  6  2 
 7  5  4  0  9  1  6  8  2  3 
 3  8  6  5  1  9  2  7  0  4 
 1  4  0  7  6  2  9  3  8  5 
 0  2  5  1  8  7  3  9  4  6 
 5  1  3  6  2  0  8  4  9  7 
 9  6  2  4  7  3  1  0  5  8 
 8  0  1  2  3  4  5  6  7  9

KVADRATY NE ORTOGONALNY!

 56  89  47  23  15  68  94  72  31  0 
 42  67  9  58  34  26  70  95  83  11 
 4  53  78  19  60  45  37  81  96  22 
 97  15  64  80  29  71  56  48  2  33 
 13  98  26  75  1  39  82  67  50  44 
 61  24  90  37  86  12  49  3  78  55 
 80  72  35  91  48  7  23  59  14  66 
 25  1  83  46  92  50  18  34  69  77 
 79  36  12  4  57  93  61  20  45  88 
 38  40  51  62  73  84  5  16  27  99 

 56  23  15  72  67  34  26  83  4  78  45  37  15  80  56  48  26  1  67  50  61  37  12  78  80  72  48  23  1  83  50  34  12  4  61  45 
 NE UNIKALNYH PAR: U = 36

#21

№1

 8  1  5  7  6  2  4  3  9  0 
 9  0  2  6  8  7  3  5  4  1 
 5  9  1  3  7  0  8  4  6  2 
 7  6  9  2  4  8  1  0  5  3 
 6  8  7  9  3  5  0  2  1  4 
 2  7  0  8  9  4  6  1  3  5 
 4  3  8  1  0  9  5  7  2  6 
 3  5  4  0  2  1  9  6  8  7 
 0  4  6  5  1  3  2  9  7  8 
 1  2  3  4  5  6  7  8  0  9 

№2

 4  2  8  5  3  1  9  7  6  0 
 7  5  3  0  6  4  2  9  8  1 
 0  8  6  4  1  7  5  3  9  2 
 9  1  0  7  5  2  8  6  4  3 
 5  9  2  1  8  6  3  0  7  4 
 8  6  9  3  2  0  7  4  1  5 
 2  0  7  9  4  3  1  8  5  6 
 6  3  1  8  9  5  4  2  0  7 
 1  7  4  2  0  9  6  5  3  8 
 3  4  5  6  7  8  0  1  2  9 

№3

 1  5  9  8  4  7  3  6  2  0 
 3  2  6  9  0  5  8  4  7  1 
 8  4  3  7  9  1  6  0  5  2 
 6  0  5  4  8  9  2  7  1  3 
 2  7  1  6  5  0  9  3  8  4 
 0  3  8  2  7  6  1  9  4  5 
 5  1  4  0  3  8  7  2  9  6 
 9  6  2  5  1  4  0  8  3  7 
 4  9  7  3  6  2  5  1  0  8 
 7  8  0  1  2  3  4  5  6  9

KVADRATY NE ORTOGONALNY!

 41  25  89  58  34  17  93  76  62  0 
 73  52  36  9  60  45  28  94  87  11 
 8  84  63  47  19  71  56  30  95  22 
 96  10  5  74  58  29  82  67  41  33 
 52  97  21  16  85  60  39  3  78  44 
 80  63  98  32  27  6  71  49  14  55 
 25  1  74  90  43  38  17  82  59  66 
 69  36  12  85  91  54  40  28  3  77 
 14  79  47  23  6  92  65  51  30  88 
 37  48  50  61  72  83  4  15  26  99 

 41  25  58  17  52  36  60  28  63  47  71  30  74  58  82  41  52  85  60  3  63  6  71  14  25  74  17  82  36  85  28  3  14  47  6  30 
 NE UNIKALNYH PAR: U = 36


Февраль 2016 г.

Эксперимент пока остановила. Псевдотройки с характеристикой 82 должны быть ещё.

