17491
18381
19204
36185
107780
109714
168937
219562
227557
300873
301313
340729
342900
347825
355253
377615
382509
386193
386757
394949
395778
399020
440243
472828
511047
533693
534832
540733
552481
577574
589997
591212
592400
596727
605495
605719
605802
605804
605874
612675
617848
665833
680173
734184
739131
739159
751726
872823
880260
880962
903391
903418
939253
941854
967462
968489
968498
968560
968561
969179
969657
970485
970520
970524
970553
970620
970625
970632
970642
970643
975348
996265
996268
996271